BveTs Vehicle Parameters 2.01
FirstCar = M
LoadCompensating = false
[Compressor]
UpperPressure = 686000
LowerPressure = 607600
CompressionSpeed = 10000

[MainCircuit]
RegenerationLimit = 999

[BcServo]
ApplySpeed = 440000
ReleaseSpeed = 440000
ApplyStart = 0
ApplyStop = 0
ReleaseStart = 0
ReleaseStop = 0

[Brake]
PistonArea = 0.49321748
ShoeFriction = 0.55, 0.01, 0.034


[ECB]
MaximumPressure = 392000
PressureRates = 0,0.00255102,0.005102041,0.007653061,0.010204082,0.012755102,0.015306122,0.017857143,0.020408163,0.022959184,0.025510204,0.028061224,0.030612245,0.033163265,0.035714286,0.038265306,0.040816327,0.043367347,0.045918367,0.048469388,0.051020408,0.053571429,0.056122449,0.058673469,0.06122449,0.06377551,0.066326531,0.068877551,0.071428571,0.073979592,0.076530612,0.079081633,0.081632653,0.084183673,0.086734694,0.089285714,0.091836735,0.094387755,0.096938776,0.099489796,0.102040816,0.104591837,0.107142857,0.109693878,0.112244898,0.114795918,0.117346939,0.119897959,0.12244898,0.125,0.12755102,0.130102041,0.132653061,0.135204082,0.137755102,0.140306122,0.142857143,0.145408163,0.147959184,0.150510204,0.153061224,0.155612245,0.158163265,0.160714286,0.163265306,0.165816327,0.168367347,0.170918367,0.173469388,0.176020408,0.178571429,0.181122449,0.183673469,0.18622449,0.18877551,0.191326531,0.193877551,0.196428571,0.198979592,0.201530612,0.204081633,0.206632653,0.209183673,0.211734694,0.214285714,0.216836735,0.219387755,0.221938776,0.224489796,0.227040816,0.229591837,0.232142857,0.234693878,0.237244898,0.239795918,0.242346939,0.244897959,0.24744898,0.25,0.25255102,0.255102041,0.257653061,0.260204082,0.262755102,0.265306122,0.267857143,0.270408163,0.272959184,0.275510204,0.278061224,0.280612245,0.283163265,0.285714286,0.288265306,0.290816327,0.293367347,0.295918367,0.298469388,0.301020408,0.303571429,0.306122449,0.308673469,0.31122449,0.31377551,0.316326531,0.318877551,0.321428571,0.323979592,0.326530612,0.329081633,0.331632653,0.334183673,0.336734694,0.339285714,0.341836735,0.344387755,0.346938776,0.349489796,0.352040816,0.354591837,0.357142857,0.359693878,0.362244898,0.364795918,0.367346939,0.369897959,0.37244898,0.375,0.37755102,0.380102041,0.382653061,0.385204082,0.387755102,0.390306122,0.392857143,0.395408163,0.397959184,0.400510204,0.403061224,0.405612245,0.408163265,0.410714286,0.413265306,0.415816327,0.418367347,0.420918367,0.423469388,0.426020408,0.428571429,0.431122449,0.433673469,0.43622449,0.43877551,0.441326531,0.443877551,0.446428571,0.448979592,0.451530612,0.454081633,0.456632653,0.459183673,0.461734694,0.464285714,0.466836735,0.469387755,0.471938776,0.474489796,0.477040816,0.479591837,0.482142857,0.484693878,0.487244898,0.489795918,0.492346939,0.494897959,0.49744898,0.5,0.50255102,0.505102041,0.507653061,0.510204082,0.512755102,0.515306122,0.517857143,0.520408163,0.522959184,0.525510204,0.528061224,0.530612245,0.533163265,0.535714286,0.538265306,0.540816327,0.543367347,0.545918367,0.548469388,0.551020408,0.553571429,0.556122449,0.558673469,0.56122449,0.56377551,0.566326531,0.568877551,0.571428571,0.573979592,0.576530612,0.579081633,0.581632653,0.584183673,0.586734694,0.589285714,0.591836735,0.594387755,0.596938776,0.599489796,0.602040816,0.604591837,0.607142857,0.609693878,0.612244898,0.614795918,0.617346939,0.619897959,0.62244898,0.625,0.62755102,0.630102041,0.632653061,0.635204082,0.637755102,0.640306122,0.642857143,0.645408163,0.647959184,0.650510204,0.653061224,0.655612245,0.658163265,0.660714286,0.663265306,0.665816327,0.668367347,0.670918367,0.673469388,0.676020408,0.678571429,0.681122449,0.683673469,0.68622449,0.68877551,0.691326531,0.693877551,0.696428571,0.698979592,0.701530612,0.704081633,0.706632653,0.709183673,0.711734694,0.714285714,0.716836735,0.719387755,0.721938776,0.724489796,0.727040816,0.729591837,0.732142857,0.734693878,0.737244898,0.739795918,0.742346939,0.744897959,0.74744898,0.75,0.75255102,0.755102041,0.757653061,0.760204082,0.762755102,0.765306122,0.767857143,0.770408163,0.772959184,0.775510204,0.778061224,0.780612245,0.783163265,0.785714286,0.788265306,0.790816327,0.793367347,0.795918367,0.798469388,0.801020408,0.803571429,0.806122449,0.808673469,0.81122449,0.81377551,0.816326531,0.818877551,0.821428571,0.823979592,0.826530612,0.829081633,0.831632653,0.834183673,0.836734694,0.839285714,0.841836735,0.844387755,0.846938776,0.849489796,0.852040816,0.854591837,0.857142857,0.859693878,0.862244898,0.864795918,0.867346939,0.869897959,0.87244898,0.875,0.87755102,0.880102041,0.882653061,0.885204082,0.887755102,0.890306122,0.892857143,0.895408163,0.897959184,0.900510204,0.903061224,0.905612245,0.908163265,0.910714286,0.913265306,0.915816327,0.918367347,0.920918367,0.923469388,0.926020408,0.928571429,0.931122449,0.933673469,0.93622449,0.93877551,0.941326531,0.943877551,0.946428571,0.948979592,0.951530612,0.954081633,0.956632653,0.959183673,0.961734694,0.964285714,0.966836735,0.969387755,0.971938776,0.974489796,0.977040816,0.979591837,0.982142857,0.984693878,0.987244898,0.989795918,0.992346939,0.994897959,0.99744898,1,1.00255102,1.005102041,1.007653061,1.010204082,1.012755102,1.015306122,1.017857143,1.020408163,1.022959184,1.025510204,1.028061224,1.030612245,1.033163265,1.035714286,1.038265306,1.040816327,1.043367347,1.045918367,1.048469388,1.051020408,1.053571429,1.056122449,1.058673469,1.06122449,1.06377551,1.066326531,1.068877551,1.071428571,1.073979592,1.076530612,1.079081633,1.081632653,1.084183673,1.086734694,1.089285714,1.091836735,1.094387755,1.096938776,1.099489796,1.102040816,1.104591837,1.107142857,1.109693878,1.112244898,1.114795918,1.117346939,1.119897959,1.12244898,1.125,1.12755102,1.130102041,1.132653061,1.135204082,1.137755102,1.140306122,1.142857143,1.145408163,1.147959184,1.150510204,1.153061224,1.155612245,1.158163265,1.160714286,1.163265306,1.165816327,1.168367347,1.170918367,1.173469388,1.176020408,1.178571429,1.181122449,1.183673469,1.18622449,1.18877551,1.191326531,1.193877551,1.196428571,1.198979592,1.201530612,1.204081633,1.206632653,1.209183673,1.211734694,1.214285714,1.216836735,1.219387755,1.221938776,1.224489796,1.227040816,1.229591837,1.232142857,1.234693878,1.237244898,1.239795918,1.242346939,1.244897959,1.24744898,1.25,1.25255102,1.255102041,1.257653061,1.260204082,1.262755102,1.265306122,1.267857143,1.270408163,1.272959184,1.275510204,1.278061224,1.280612245,1.283163265,1.285714286,1.288265306,1.290816327,1.293367347,1.295918367,1.298469388,1.301020408,1.303571429,1.306122449,1.308673469,1.31122449,1.31377551,1.316326531,1.318877551,1.321428571,1.323979592,1.326530612,1.329081633,1.331632653,1.334183673,1.336734694,1.339285714,1.341836735,1.344387755,1.346938776,1.349489796,1.352040816,1.354591837,1.357142857,1.359693878,1.362244898,1.364795918,1.367346939,1.369897959,1.37244898,1.375,1.37755102,1.380102041,1.382653061,1.385204082,1.387755102,1.390306122,1.392857143,1.395408163,1.397959184,1.400510204,1.403061224,1.405612245,1.408163265,1.410714286,1.413265306,1.415816327,1.418367347,1.420918367,1.423469388,1.426020408,1.428571429,1.431122449,1.433673469,1.43622449,1.43877551,1.441326531,1.443877551,1.446428571,1.448979592,1.451530612,1.454081633,1.456632653,1.459183673,1.461734694,1.464285714,1.466836735,1.469387755,1.471938776,1.474489796,1.477040816,1.479591837,1.482142857,1.484693878,1.487244898,1.489795918,1.492346939,1.494897959,1.49744898,1.5,1.50255102,1.505102041,1.507653061,1.510204082,1.512755102,1.515306122,1.517857143,1.520408163,1.522959184,1.525510204,1.528061224,1.530612245,1.533163265


[Dynamics]
MotorcarWeight = 43830
MotorcarCount = 10
TrailerWeight = 43490
TrailerCount = 0
CarLength = 21

[Passengers]
Capacity = 59

[Cab]
PowerNotchCount = 5
BrakeNotchCount = 3
HoldingSpeedNotchCount = 1
BrakeText = ユルメ,保チ,重リ,常用,非常
PowerText = 切,１,２,３,４,５
HoldingSpeedText = 切,停
ReverserText = 後退,中立,前進
[ViewPoint]
X=-0.85
Y=3.35
Z=-1.7