BveTs Vehicle Parameters 2.01
FirstCar = M
LoadCompensating = false
[Compressor]
UpperPressure = 686000
LowerPressure = 607600
CompressionSpeed = 10000

[MainCircuit]
RegenerationLimit = 999

[BcServo]
ApplySpeed = 500
ReleaseSpeed = 500
ApplyStart = 0
ApplyStop = 0
ReleaseStart = 0
ReleaseStop = 0

[Brake]
PistonArea = 0.788752128
ShoeFriction = 0.32, 0.01, 0.05


[ECB]
MaximumPressure = 352000
PressureRates = 0,0,0,0,0,0,0,0,0,0,0,0,0,0,0,0,0,0,0,0,0,0.059659091,0.0625,0.065340909,0.068181818,0.071022727,0.073863636,0.076704545,0.079545455,0.082386364,0.085227273,0.088068182,0.090909091,0.09375,0.096590909,0.099431818,0.102272727,0.105113636,0.107954545,0.110795455,0.113636364,0.116477273,0.119318182,0.122159091,0.125,0.127840909,0.130681818,0.133522727,0.136363636,0.139204545,0.142045455,0.144886364,0.147727273,0.150568182,0.153409091,0.15625,0.159090909,0.161931818,0.164772727,0.167613636,0.170454545,0.173295455,0.176136364,0.178977273,0.181818182,0.184659091,0.1875,0.190340909,0.193181818,0.196022727,0.198863636,0.201704545,0.204545455,0.207386364,0.210227273,0.213068182,0.215909091,0.21875,0.221590909,0.224431818,0.227272727,0.230113636,0.232954545,0.235795455,0.238636364,0.241477273,0.244318182,0.247159091,0.25,0.252840909,0.255681818,0.258522727,0.261363636,0.264204545,0.267045455,0.269886364,0.272727273,0.275568182,0.278409091,0.28125,0.284090909,0.286931818,0.289772727,0.292613636,0.295454545,0.298295455,0.301136364,0.303977273,0.306818182,0.309659091,0.3125,0.315340909,0.318181818,0.321022727,0.323863636,0.326704545,0.329545455,0.332386364,0.335227273,0.338068182,0.340909091,0.34375,0.346590909,0.349431818,0.352272727,0.355113636,0.357954545,0.360795455,0.363636364,0.366477273,0.369318182,0.372159091,0.375,0.377840909,0.380681818,0.383522727,0.386363636,0.389204545,0.392045455,0.394886364,0.397727273,0.400568182,0.403409091,0.40625,0.409090909,0.411931818,0.414772727,0.417613636,0.420454545,0.423295455,0.426136364,0.428977273,0.431818182,0.434659091,0.4375,0.440340909,0.443181818,0.446022727,0.448863636,0.451704545,0.454545455,0.457386364,0.460227273,0.463068182,0.465909091,0.46875,0.471590909,0.474431818,0.477272727,0.480113636,0.482954545,0.485795455,0.488636364,0.491477273,0.494318182,0.497159091,0.5,0.502840909,0.505681818,0.508522727,0.511363636,0.514204545,0.517045455,0.519886364,0.522727273,0.525568182,0.528409091,0.53125,0.534090909,0.536931818,0.539772727,0.542613636,0.545454545,0.548295455,0.551136364,0.553977273,0.556818182,0.559659091,0.5625,0.565340909,0.568181818,0.571022727,0.573863636,0.576704545,0.579545455,0.582386364,0.585227273,0.588068182,0.590909091,0.59375,0.596590909,0.599431818,0.602272727,0.605113636,0.607954545,0.610795455,0.613636364,0.616477273,0.619318182,0.622159091,0.625,0.627840909,0.630681818,0.633522727,0.636363636,0.639204545,0.642045455,0.644886364,0.647727273,0.650568182,0.653409091,0.65625,0.659090909,0.661931818,0.664772727,0.667613636,0.670454545,0.673295455,0.676136364,0.678977273,0.681818182,0.684659091,0.6875,0.690340909,0.693181818,0.696022727,0.698863636,0.701704545,0.704545455,0.707386364,0.710227273,0.713068182,0.715909091,0.71875,0.721590909,0.724431818,0.727272727,0.730113636,0.732954545,0.735795455,0.738636364,0.741477273,0.744318182,0.747159091,0.75,0.752840909,0.755681818,0.758522727,0.761363636,0.764204545,0.767045455,0.769886364,0.772727273,0.775568182,0.778409091,0.78125,0.784090909,0.786931818,0.789772727,0.792613636,0.795454545,0.798295455,0.801136364,0.803977273,0.806818182,0.809659091,0.8125,0.815340909,0.818181818,0.821022727,0.823863636,0.826704545,0.829545455,0.832386364,0.835227273,0.838068182,0.840909091,0.84375,0.846590909,0.849431818,0.852272727,0.855113636,0.857954545,0.860795455,0.863636364,0.866477273,0.869318182,0.872159091,0.875,0.877840909,0.880681818,0.883522727,0.886363636,0.889204545,0.892045455,0.894886364,0.897727273,0.900568182,0.903409091,0.90625,0.909090909,0.911931818,0.914772727,0.917613636,0.920454545,0.923295455,0.926136364,0.928977273,0.931818182,0.934659091,0.9375,0.940340909,0.943181818,0.946022727,0.948863636,0.951704545,0.954545455,0.957386364,0.960227273,0.963068182,0.965909091,0.96875,0.971590909,0.974431818,0.977272727,0.980113636,0.982954545,0.985795455,0.988636364,0.991477273,0.994318182,0.997159091,1,1.002840909,1.005681818,1.008522727,1.011363636,1.014204545,1.017045455,1.019886364,1.022727273,1.025568182,1.028409091,1.03125,1.034090909,1.036931818,1.039772727,1.042613636,1.045454545,1.048295455,1.051136364,1.053977273,1.056818182,1.059659091,1.0625,1.065340909,1.068181818,1.071022727,1.073863636,1.076704545,1.079545455,1.082386364,1.085227273,1.088068182,1.090909091,1.09375,1.096590909,1.099431818,1.102272727,1.105113636,1.107954545,1.110795455,1.113636364,1.116477273,1.119318182,1.122159091,1.125,1.127840909,1.130681818,1.133522727,1.136363636,1.139204545,1.142045455,1.144886364,1.147727273,1.150568182,1.153409091,1.15625,1.159090909,1.161931818,1.164772727,1.167613636,1.170454545,1.173295455,1.176136364,1.178977273,1.181818182,1.184659091,1.1875,1.190340909,1.193181818,1.196022727,1.198863636,1.201704545,1.204545455,1.207386364,1.210227273,1.213068182,1.215909091,1.21875,1.221590909,1.224431818,1.227272727,1.230113636,1.232954545,1.235795455,1.238636364,1.241477273,1.244318182,1.247159091,1.25,1.252840909,1.255681818,1.258522727,1.261363636,1.264204545,1.267045455,1.269886364,1.272727273,1.275568182,1.278409091,1.28125,1.284090909,1.286931818,1.289772727,1.292613636,1.295454545,1.298295455,1.301136364,1.303977273,1.306818182,1.309659091,1.3125,1.315340909,1.318181818,1.321022727,1.323863636,1.326704545,1.329545455,1.332386364,1.335227273,1.338068182,1.340909091,1.34375,1.346590909,1.349431818,1.352272727,1.355113636,1.357954545,1.360795455,1.363636364,1.366477273,1.369318182,1.372159091,1.375,1.377840909,1.380681818,1.383522727,1.386363636,1.389204545,1.392045455,1.394886364,1.397727273,1.400568182,1.403409091,1.40625,1.409090909,1.411931818,1.414772727,1.417613636,1.420454545,1.423295455,1.426136364,1.428977273,1.431818182,1.434659091,1.4375,1.440340909,1.443181818,1.446022727,1.448863636,1.451704545,1.454545455,1.457386364,1.460227273,1.463068182,1.465909091,1.46875,1.471590909,1.474431818,1.477272727,1.480113636,1.482954545,1.485795455,1.488636364,1.491477273,1.494318182,1.497159091,1.5,1.502840909,1.505681818,1.508522727,1.511363636,1.514204545,1.517045455,1.519886364,1.522727273,1.525568182,1.528409091,1.53125,1.534090909,1.536931818,1.539772727,1.542613636,1.545454545,1.548295455,1.551136364,1.553977273,1.556818182,1.559659091,1.5625,1.565340909,1.568181818,1.571022727,1.573863636,1.576704545,1.579545455,1.582386364,1.585227273,1.588068182,1.590909091,1.59375,1.596590909,1.599431818,1.602272727,1.605113636,1.607954545,1.610795455,1.613636364,1.616477273,1.619318182,1.622159091,1.625,1.627840909,1.630681818,1.633522727,1.636363636,1.639204545,1.642045455,1.644886364,1.647727273,1.650568182,1.653409091,1.65625,1.659090909,1.661931818,1.664772727,1.667613636,1.670454545,1.673295455,1.676136364,1.678977273,1.681818182,1.684659091,1.6875,1.690340909,1.693181818,1.696022727,1.698863636,1.701704545,1.704545455


[Dynamics]
Capacity = 96
MotorcarWeight = 38200
MotorcarCount = 1
TrailerWeight = 38200
TrailerCount = 0
CarLength = 21
RunningResistanceFactor = 0.26362, 6.79904400000003, 913.850000000002

[Cab]
PowerNotchCount = 5
BrakeNotchCount = 3
HoldingSpeedNotchCount = 1
BrakeText = ユルメ,保チ,重リ,常用,非常
PowerText = 切,１,２,３,４,５
HoldingSpeedText = 切,停
ReverserText = 後退,中立,前進
[ViewPoint]
X = -0.73
Y = 2.5
Z = -1
