BveTs Vehicle Parameters 2.01
FirstCar = M
LoadCompensating = false

[Compressor]
UpperPressure = 686000
LowerPressure = 607600
CompressionSpeed = 10000

[MainCircuit]
RegenerationLimit = 999

[BcServo]
ApplySpeed = 440000
ReleaseSpeed = 440000
ApplyStart = 0
ApplyStop = 0
ReleaseStart = 0
ReleaseStop = 0

[Brake]
PistonArea = 0.55
ShoeFriction = 0.32, 0.01, 0.05

[ECB]
MaximumPressure = 441000
PressureRates = 0, 0.00309214594928881, 0.00618429189857761, 0.00927643784786642, 0.0123685837971552, 0.015460729746444, 0.0185528756957328, 0.0216450216450216, 0.0247371675943105, 0.0278293135435993, 0.0309214594928881, 0.0340136054421769, 0.0371057513914657, 0.0401978973407545, 0.0432900432900433, 0.0463821892393321, 0.0494743351886209, 0.0525664811379097, 0.0556586270871985, 0.0587507730364873, 0.0618429189857761, 0.0649350649350649, 0.0680272108843537, 0.0711193568336426, 0.0742115027829314, 0.0773036487322202, 0.080395794681509, 0.0834879406307978, 0.0865800865800866, 0.0896722325293754, 0.0927643784786642, 0.095856524427953, 0.0989486703772418, 0.102040816326531, 0.105132962275819, 0.108225108225108, 0.111317254174397, 0.114409400123686, 0.117501546072975, 0.120593692022263, 0.123685837971552, 0.126777983920841, 0.12987012987013, 0.132962275819419, 0.136054421768707, 0.139146567717996, 0.142238713667285, 0.145330859616574, 0.148423005565863, 0.151515151515152, 0.15460729746444, 0.157699443413729, 0.160791589363018, 0.163883735312307, 0.166975881261596, 0.170068027210884, 0.173160173160173, 0.176252319109462, 0.179344465058751, 0.18243661100804, 0.185528756957328, 0.188620902906617, 0.191713048855906, 0.194805194805195, 0.197897340754484, 0.200989486703772, 0.204081632653061, 0.20717377860235, 0.210265924551639, 0.213358070500928, 0.216450216450216, 0.219542362399505, 0.222634508348794, 0.225726654298083, 0.228818800247372, 0.231910946196661, 0.235003092145949, 0.238095238095238, 0.241187384044527, 0.244279529993816, 0.247371675943105, 0.250463821892393, 0.253555967841682, 0.256648113790971, 0.25974025974026, 0.262832405689549, 0.265924551638837, 0.269016697588126, 0.272108843537415, 0.275200989486704, 0.278293135435993, 0.281385281385281, 0.28447742733457, 0.287569573283859, 0.290661719233148, 0.293753865182437, 0.296846011131725, 0.299938157081014, 0.303030303030303, 0.306122448979592, 0.309214594928881, 0.312306740878169, 0.315398886827458, 0.318491032776747, 0.321583178726036, 0.324675324675325, 0.327767470624613, 0.330859616573902, 0.333951762523191, 0.33704390847248, 0.340136054421769, 0.343228200371058, 0.346320346320346, 0.349412492269635, 0.352504638218924, 0.355596784168213, 0.358688930117502, 0.36178107606679, 0.364873222016079, 0.367965367965368, 0.371057513914657, 0.374149659863946, 0.377241805813234, 0.380333951762523, 0.383426097711812, 0.386518243661101, 0.38961038961039, 0.392702535559678, 0.395794681508967, 0.398886827458256, 0.401978973407545, 0.405071119356834, 0.408163265306122, 0.411255411255411, 0.4143475572047, 0.417439703153989, 0.420531849103278, 0.423623995052567, 0.426716141001855, 0.429808286951144, 0.432900432900433, 0.435992578849722, 0.439084724799011, 0.442176870748299, 0.445269016697588, 0.448361162646877, 0.451453308596166, 0.454545454545455, 0.457637600494743, 0.460729746444032, 0.463821892393321, 0.46691403834261, 0.470006184291899, 0.473098330241187, 0.476190476190476, 0.479282622139765, 0.482374768089054, 0.485466914038343, 0.488559059987631, 0.49165120593692, 0.494743351886209, 0.497835497835498, 0.500927643784787, 0.504019789734075, 0.507111935683364, 0.510204081632653, 0.513296227581942, 0.516388373531231, 0.51948051948052, 0.522572665429808, 0.525664811379097, 0.528756957328386, 0.531849103277675, 0.534941249226964, 0.538033395176252, 0.541125541125541, 0.54421768707483, 0.547309833024119, 0.550401978973408, 0.553494124922696, 0.556586270871985, 0.559678416821274, 0.562770562770563, 0.565862708719852, 0.56895485466914, 0.572047000618429, 0.575139146567718, 0.578231292517007, 0.581323438466296, 0.584415584415584, 0.587507730364873, 0.590599876314162, 0.593692022263451, 0.59678416821274, 0.599876314162028, 0.602968460111317, 0.606060606060606, 0.609152752009895, 0.612244897959184, 0.615337043908473, 0.618429189857761, 0.62152133580705, 0.624613481756339, 0.627705627705628, 0.630797773654917, 0.633889919604205, 0.636982065553494, 0.640074211502783, 0.643166357452072, 0.646258503401361, 0.649350649350649, 0.652442795299938, 0.655534941249227, 0.658627087198516, 0.661719233147805, 0.664811379097093, 0.667903525046382, 0.670995670995671, 0.67408781694496, 0.677179962894249, 0.680272108843538, 0.683364254792826, 0.686456400742115, 0.689548546691404, 0.692640692640693, 0.695732838589981, 0.69882498453927, 0.701917130488559, 0.705009276437848, 0.708101422387137, 0.711193568336426, 0.714285714285714, 0.717377860235003, 0.720470006184292, 0.723562152133581, 0.72665429808287, 0.729746444032158, 0.732838589981447, 0.735930735930736, 0.739022881880025, 0.742115027829314, 0.745207173778602, 0.748299319727891, 0.75139146567718, 0.754483611626469, 0.757575757575758, 0.760667903525046, 0.763760049474335, 0.766852195423624, 0.769944341372913, 0.773036487322202, 0.776128633271491, 0.779220779220779, 0.782312925170068, 0.785405071119357, 0.788497217068646, 0.791589363017934, 0.794681508967223, 0.797773654916512, 0.800865800865801, 0.80395794681509, 0.807050092764379, 0.810142238713667, 0.813234384662956, 0.816326530612245, 0.819418676561534, 0.822510822510823, 0.825602968460111, 0.8286951144094, 0.831787260358689, 0.834879406307978, 0.837971552257267, 0.841063698206555, 0.844155844155844, 0.847247990105133, 0.850340136054422, 0.853432282003711, 0.856524427952999, 0.859616573902288, 0.862708719851577, 0.865800865800866, 0.868893011750155, 0.871985157699444, 0.875077303648732, 0.878169449598021, 0.88126159554731, 0.884353741496599, 0.887445887445887, 0.890538033395176, 0.893630179344465, 0.896722325293754, 0.899814471243043, 0.902906617192332, 0.90599876314162, 0.909090909090909, 0.912183055040198, 0.915275200989487, 0.918367346938776, 0.921459492888064, 0.924551638837353, 0.927643784786642, 0.930735930735931, 0.93382807668522, 0.936920222634508, 0.940012368583797, 0.943104514533086, 0.946196660482375, 0.949288806431664, 0.952380952380952, 0.955473098330241, 0.95856524427953, 0.961657390228819, 0.964749536178108, 0.967841682127397, 0.970933828076685, 0.974025974025974, 0.977118119975263, 0.980210265924552, 0.98330241187384, 0.986394557823129, 0.989486703772418, 0.992578849721707, 0.995670995670996, 0.998763141620285, 1.00185528756957, 1.00494743351886, 1.00803957946815, 1.01113172541744, 1.01422387136673, 1.01731601731602, 1.02040816326531, 1.02350030921459, 1.02659245516388, 1.02968460111317, 1.03277674706246, 1.03586889301175, 1.03896103896104, 1.04205318491033, 1.04514533085962, 1.04823747680891, 1.05132962275819, 1.05442176870748, 1.05751391465677, 1.06060606060606, 1.06369820655535, 1.06679035250464, 1.06988249845393, 1.07297464440322, 1.0760667903525, 1.07915893630179, 1.08225108225108, 1.08534322820037, 1.08843537414966, 1.09152752009895, 1.09461966604824, 1.09771181199753, 1.10080395794682, 1.1038961038961, 1.10698824984539, 1.11008039579468, 1.11317254174397, 1.11626468769326, 1.11935683364255, 1.12244897959184, 1.12554112554113, 1.12863327149041, 1.1317254174397, 1.13481756338899, 1.13790970933828, 1.14100185528757, 1.14409400123686, 1.14718614718615, 1.15027829313544, 1.15337043908472, 1.15646258503401, 1.1595547309833, 1.16264687693259, 1.16573902288188, 1.16883116883117, 1.17192331478046, 1.17501546072975, 1.17810760667904, 1.18119975262832, 1.18429189857761, 1.1873840445269, 1.19047619047619, 1.19356833642548, 1.19666048237477, 1.19975262832406, 1.20284477427335, 1.20593692022263, 1.20902906617192, 1.21212121212121, 1.2152133580705, 1.21830550401979, 1.22139764996908, 1.22448979591837, 1.22758194186766, 1.23067408781695, 1.23376623376623, 1.23685837971552, 1.23995052566481, 1.2430426716141, 1.24613481756339, 1.24922696351268, 1.25231910946197, 1.25541125541126, 1.25850340136054, 1.26159554730983, 1.26468769325912, 1.26777983920841, 1.2708719851577, 1.27396413110699, 1.27705627705628, 1.28014842300557, 1.28324056895485, 1.28633271490414, 1.28942486085343, 1.29251700680272, 1.29560915275201, 1.2987012987013, 1.30179344465059, 1.30488559059988, 1.30797773654917, 1.31106988249845, 1.31416202844774, 1.31725417439703, 1.32034632034632, 1.32343846629561, 1.3265306122449, 1.32962275819419, 1.33271490414348, 1.33580705009276, 1.33889919604205, 1.34199134199134, 1.34508348794063, 1.34817563388992, 1.35126777983921, 1.3543599257885, 1.35745207173779, 1.36054421768708, 1.36363636363636, 1.36672850958565

[Dynamics]
MotorcarWeight = 39000
MotorcarCount = 2
TrailerWeight = 0
TrailerCount = 0
CarLength = 21.3
RunningResistanceFactor = 0.34104, 14.2178400000001, 1911

[Cab]
PowerNotchCount = 5
BrakeNotchCount = 3
HoldingSpeedNotchCount = 1
BrakeText = ユルメ,保チ,重リ,常用,非常
PowerText = 切,１,２,３,４,５
HoldingSpeedText = 切,停
[ViewPoint]
X = -0.73
Y = 2.5
Z = -1
