BveTs Vehicle Parameters 2.01
FirstCar = M
LoadCompensating = false

[Compressor]
UpperPressure = 686000
LowerPressure = 607600
CompressionSpeed = 10000

[MainCircuit]
RegenerationLimit = 999

[BcServo]
ApplySpeed = 440000
ReleaseSpeed = 440000
ApplyStart = 0
ApplyStop = 0
ReleaseStart = 0
ReleaseStop = 0

[Brake]
PistonArea = 0.702296566
ShoeFriction = 0.32, 0.01, 0.05

[ECB]
MaximumPressure = 441000
PressureRates = 0, 0.00226757369614512, 0.00453514739229025, 0.00680272108843537, 0.0090702947845805, 0.0113378684807256, 0.0136054421768707, 0.0158730158730159, 0.018140589569161, 0.0204081632653061, 0.0226757369614512, 0.0249433106575964, 0.0272108843537415, 0.0294784580498866, 0.0317460317460317, 0.0340136054421769, 0.036281179138322, 0.0385487528344671, 0.0408163265306122, 0.0430839002267574, 0.0453514739229025, 0.0476190476190476, 0.0498866213151927, 0.0521541950113379, 0.054421768707483, 0.0566893424036281, 0.0589569160997732, 0.0612244897959184, 0.0634920634920635, 0.0657596371882086, 0.0680272108843537, 0.0702947845804989, 0.072562358276644, 0.0748299319727891, 0.0770975056689342, 0.0793650793650794, 0.0816326530612245, 0.0839002267573696, 0.0861678004535147, 0.0884353741496599, 0.090702947845805, 0.0929705215419501, 0.0952380952380952, 0.0975056689342404, 0.0997732426303855, 0.102040816326531, 0.104308390022676, 0.106575963718821, 0.108843537414966, 0.111111111111111, 0.113378684807256, 0.115646258503401, 0.117913832199546, 0.120181405895692, 0.122448979591837, 0.124716553287982, 0.126984126984127, 0.129251700680272, 0.131519274376417, 0.133786848072562, 0.136054421768707, 0.138321995464853, 0.140589569160998, 0.142857142857143, 0.145124716553288, 0.147392290249433, 0.149659863945578, 0.151927437641723, 0.154195011337868, 0.156462585034014, 0.158730158730159, 0.160997732426304, 0.163265306122449, 0.165532879818594, 0.167800453514739, 0.170068027210884, 0.172335600907029, 0.174603174603175, 0.17687074829932, 0.179138321995465, 0.18140589569161, 0.183673469387755, 0.1859410430839, 0.188208616780045, 0.19047619047619, 0.192743764172336, 0.195011337868481, 0.197278911564626, 0.199546485260771, 0.201814058956916, 0.204081632653061, 0.206349206349206, 0.208616780045351, 0.210884353741497, 0.213151927437642, 0.215419501133787, 0.217687074829932, 0.219954648526077, 0.222222222222222, 0.224489795918367, 0.226757369614512, 0.229024943310658, 0.231292517006803, 0.233560090702948, 0.235827664399093, 0.238095238095238, 0.240362811791383, 0.242630385487528, 0.244897959183673, 0.247165532879819, 0.249433106575964, 0.251700680272109, 0.253968253968254, 0.256235827664399, 0.258503401360544, 0.260770975056689, 0.263038548752834, 0.26530612244898, 0.267573696145125, 0.26984126984127, 0.272108843537415, 0.27437641723356, 0.276643990929705, 0.27891156462585, 0.281179138321995, 0.283446712018141, 0.285714285714286, 0.287981859410431, 0.290249433106576, 0.292517006802721, 0.294784580498866, 0.297052154195011, 0.299319727891156, 0.301587301587302, 0.303854875283447, 0.306122448979592, 0.308390022675737, 0.310657596371882, 0.312925170068027, 0.315192743764172, 0.317460317460317, 0.319727891156463, 0.321995464852608, 0.324263038548753, 0.326530612244898, 0.328798185941043, 0.331065759637188, 0.333333333333333, 0.335600907029478, 0.337868480725624, 0.340136054421769, 0.342403628117914, 0.344671201814059, 0.346938775510204, 0.349206349206349, 0.351473922902494, 0.353741496598639, 0.356009070294785, 0.35827664399093, 0.360544217687075, 0.36281179138322, 0.365079365079365, 0.36734693877551, 0.369614512471655, 0.3718820861678, 0.374149659863946, 0.376417233560091, 0.378684807256236, 0.380952380952381, 0.383219954648526, 0.385487528344671, 0.387755102040816, 0.390022675736961, 0.392290249433107, 0.394557823129252, 0.396825396825397, 0.399092970521542, 0.401360544217687, 0.403628117913832, 0.405895691609977, 0.408163265306122, 0.410430839002268, 0.412698412698413, 0.414965986394558, 0.417233560090703, 0.419501133786848, 0.421768707482993, 0.424036281179138, 0.426303854875283, 0.428571428571429, 0.430839002267574, 0.433106575963719, 0.435374149659864, 0.437641723356009, 0.439909297052154, 0.442176870748299, 0.444444444444444, 0.44671201814059, 0.448979591836735, 0.45124716553288, 0.453514739229025, 0.45578231292517, 0.458049886621315, 0.46031746031746, 0.462585034013605, 0.464852607709751, 0.467120181405896, 0.469387755102041, 0.471655328798186, 0.473922902494331, 0.476190476190476, 0.478458049886621, 0.480725623582766, 0.482993197278912, 0.485260770975057, 0.487528344671202, 0.489795918367347, 0.492063492063492, 0.494331065759637, 0.496598639455782, 0.498866213151927, 0.501133786848073, 0.503401360544218, 0.505668934240363, 0.507936507936508, 0.510204081632653, 0.512471655328798, 0.514739229024943, 0.517006802721088, 0.519274376417234, 0.521541950113379, 0.523809523809524, 0.526077097505669, 0.528344671201814, 0.530612244897959, 0.532879818594104, 0.535147392290249, 0.537414965986395, 0.53968253968254, 0.541950113378685, 0.54421768707483, 0.546485260770975, 0.54875283446712, 0.551020408163265, 0.55328798185941, 0.555555555555556, 0.557823129251701, 0.560090702947846, 0.562358276643991, 0.564625850340136, 0.566893424036281, 0.569160997732426, 0.571428571428571, 0.573696145124717, 0.575963718820862, 0.578231292517007, 0.580498866213152, 0.582766439909297, 0.585034013605442, 0.587301587301587, 0.589569160997732, 0.591836734693878, 0.594104308390023, 0.596371882086168, 0.598639455782313, 0.600907029478458, 0.603174603174603, 0.605442176870748, 0.607709750566893, 0.609977324263039, 0.612244897959184, 0.614512471655329, 0.616780045351474, 0.619047619047619, 0.621315192743764, 0.623582766439909, 0.625850340136054, 0.6281179138322, 0.630385487528345, 0.63265306122449, 0.634920634920635, 0.63718820861678, 0.639455782312925, 0.64172335600907, 0.643990929705215, 0.646258503401361, 0.648526077097506, 0.650793650793651, 0.653061224489796, 0.655328798185941, 0.657596371882086, 0.659863945578231, 0.662131519274376, 0.664399092970522, 0.666666666666667, 0.668934240362812, 0.671201814058957, 0.673469387755102, 0.675736961451247, 0.678004535147392, 0.680272108843537, 0.682539682539683, 0.684807256235828, 0.687074829931973, 0.689342403628118, 0.691609977324263, 0.693877551020408, 0.696145124716553, 0.698412698412698, 0.700680272108844, 0.702947845804989, 0.705215419501134, 0.707482993197279, 0.709750566893424, 0.712018140589569, 0.714285714285714, 0.716553287981859, 0.718820861678005, 0.72108843537415, 0.723356009070295, 0.72562358276644, 0.727891156462585, 0.73015873015873, 0.732426303854875, 0.73469387755102, 0.736961451247165, 0.739229024943311, 0.741496598639456, 0.743764172335601, 0.746031746031746, 0.748299319727891, 0.750566893424036, 0.752834467120181, 0.755102040816326, 0.757369614512472, 0.759637188208617, 0.761904761904762, 0.764172335600907, 0.766439909297052, 0.768707482993197, 0.770975056689342, 0.773242630385488, 0.775510204081633, 0.777777777777778, 0.780045351473923, 0.782312925170068, 0.784580498866213, 0.786848072562358, 0.789115646258503, 0.791383219954649, 0.793650793650794, 0.795918367346939, 0.798185941043084, 0.800453514739229, 0.802721088435374, 0.804988662131519, 0.807256235827664, 0.80952380952381, 0.811791383219955, 0.8140589569161, 0.816326530612245, 0.81859410430839, 0.820861678004535, 0.82312925170068, 0.825396825396825, 0.827664399092971, 0.829931972789116, 0.832199546485261, 0.834467120181406, 0.836734693877551, 0.839002267573696, 0.841269841269841, 0.843537414965986, 0.845804988662131, 0.848072562358277, 0.850340136054422, 0.852607709750567, 0.854875283446712, 0.857142857142857, 0.859410430839002, 0.861678004535147, 0.863945578231292, 0.866213151927438, 0.868480725623583, 0.870748299319728, 0.873015873015873, 0.875283446712018, 0.877551020408163, 0.879818594104308, 0.882086167800454, 0.884353741496599, 0.886621315192744, 0.888888888888889, 0.891156462585034, 0.893424036281179, 0.895691609977324, 0.897959183673469, 0.900226757369615, 0.90249433106576, 0.904761904761905, 0.90702947845805, 0.909297052154195, 0.91156462585034, 0.913832199546485, 0.91609977324263, 0.918367346938776, 0.920634920634921, 0.922902494331066, 0.925170068027211, 0.927437641723356, 0.929705215419501, 0.931972789115646, 0.934240362811791, 0.936507936507937, 0.938775510204082, 0.941043083900227, 0.943310657596372, 0.945578231292517, 0.947845804988662, 0.950113378684807, 0.952380952380952, 0.954648526077097, 0.956916099773243, 0.959183673469388, 0.961451247165533, 0.963718820861678, 0.965986394557823, 0.968253968253968, 0.970521541950113, 0.972789115646258, 0.975056689342404, 0.977324263038549, 0.979591836734694, 0.981859410430839, 0.984126984126984, 0.986394557823129, 0.988662131519274, 0.990929705215419, 0.993197278911565, 0.99546485260771, 0.997732426303855, 1, 1.00226757369615

[Dynamics]
MotorcarWeight = 36600
MotorcarCount = 1
TrailerWeight = 0
TrailerCount = 0
CarLength = 21.3
RunningResistanceFactor = 0.26362, 6.67144800000007, 896.699999999997

[Cab]
PowerNotchCount = 5
BrakeNotchCount = 3
HoldingSpeedNotchCount = 1
BrakeText = ユルメ,保チ,重リ,常用,非常
PowerText = 切,１,２,３,４,５
HoldingSpeedText = 切,停
[ViewPoint]
X = -0.73
Y = 2.5
Z = -1
